Files already downloaded and verified
--------------------------------------------------
attacking batch 0attacking batch 1attacking batch 2attacking batch 3attacking batch 4attacking batch 5attacking batch 6attacking batch 7attacking batch 8attacking batch 9
--------------------------------------------------------------------------------
0	6	37	9	4	1	9	2	12	20	
10	0	0	0	0	0	10	0	10	30	
8	1	0	1	2	33	13	6	10	6	
0	0	19	0	20	40	10	0	0	11	
20	0	7	1	0	19	23	0	0	0	
0	7	8	10	12	0	7	20	3	13	
0	1	28	50	43	33	0	1	0	4	
0	0	1	27	34	31	1	0	0	16	
28	25	22	5	11	1	20	15	0	3	
41	26	0	10	0	0	28	4	1	0	
--------------------------------------------------------------------------------
0: 0.0
1: 0.0
2: 0.0
3: 0.0
4: 0.0
5: 0.0
6: 0.0
7: 0.0
8: 0.0
9: 0.0
--------------------------------------------------
robustness: 0.0
==================================================
Running time: 0.19622588157653809 m
==================================================
